camera_matrix:
- - 1920.0
  - 0.0
  - 960.0
- - 0.0
  - 1920.0
  - 540.0
- - 0.0
  - 0.0
  - 1.0
distortion_coefficients:
- 0.0
- 0.0
- 0.0
- 0.0
- 0.0
image_height: 1080
image_width: 1920
